function [M]= findT3()

    pointsO= [
        1178, 550, 0, 0, 1, 0;
        0, 0, 1178, 550, 0, 1;
        3936, 1055, 0, 0, 1, 0;
        0, 0, 3936, 1055, 0, 1;
        251, 3146, 0, 0, 1, 0;
        0, 0, 251, 3146, 0, 1;
        ];

    pointsT3= [
        1292;
        910;
        4151;
        2251;
        881;
        3222;
        ];

    M= pointsO \ pointsT3;

    M= [
       M(1), M(2), M(5);
       M(3), M(4), M(6);
       0, 0, 1;
       ];
end