function [M]= findT4()

    pointsO= [
        728, 419, 1, 0, 0, 0, -728*703, -419*703;
        0, 0, 0, 728, 419, 1, -728*550, -419*550;
        
        259, 3140, 1, 0, 0, 0, -259*536, -3140*536;
        0, 0, 0, 259, 3140, 1, -259*1946, -3140*1946;
        
        4239, 732, 1, 0, 0, 0, -4239*2793, -732*2793;
        0, 0, 0, 4239, 732, 1, -4239*1276, -732*1276;
        
        4236, 2684, 1, 0, 0, 0, -4236*2434, -2684*2434;
        0, 0, 0, 4236, 2684, 1, -4236*2017, -2684*2017;
        ];

    pointsT4= [
        703;
        550;
        536;
        1946;
        2793;
        1276;
        2434;
        2017;
        ];

    M= pointsO \ pointsT4;

    M= [
       M(1), M(2), M(3);
       M(4), M(5), M(6);
       M(7), M(8), 1;
       ];
end